6,907881 -0,087993 2855
6,636256 -5,518565 2198
6,891463 -4,693993 151
5,196742 -5,690957 4102
7,153608 1,149980 4089
4,055316 -5,452397 8285
6,131847 -5,353735 3572
7,888484 1,690105 6928
7,004120 0,603724 4110
8,397059 1,481069 4927
6,913701 -4,893688 7349
4,348268 -4,618226 4977
5,353395 -4,533957 5477
5,947134 -5,138559 8705
7,355490 1,579865 9523
7,703649 0,445947 474
7,708498 -0,133558 5073
6,033736 -5,938816 3969
4,698676 -4,979791 715
8,456578 1,636533 6320
7,519929 0,713051 2788
6,420343 -4,969497 4508
6,398780 -4,467731 5760
8,051166 1,036844 1178
5,758684 -4,984519 6035
8,422289 0,162422 86
7,165201 0,461529 5600
4,765870 -5,979120 9793
7,175718 0,501755 1745
5,506656 -5,330559 7531
7,157315 0,470081 4966
5,785252 -5,739592 7064
6,505338 -6,055783 9203
7,786293 0,904674 4798
4,834478 -5,146451 4421
7,486973 0,087903 5660
5,674981 -4,573927 5812
7,680376 0,255125 7467
4,378483 -5,265722 1765
4,378538 -6,079034 2638
5,218138 -6,585398 837
8,088336 1,567972 7649
6,091419 -3,816723 7618
7,927684 0,514772 3864
7,984232 0,199673 2387
8,814893 1,601323 9815
5,380577 -5,123765 3712
7,185074 0,331214 3361
5,235775 -5,352587 2093
7,728073 1,268091 1214
6,623906 1,676801 8645
7,909583 0,986519 9754
6,838524 1,626893 370
4,382798 -4,809789 9397
7,020029 1,397531 5740
4,693777 -4,823422 1611
6,019846 -3,982433 5265
6,696478 0,958280 1890
5,112860 -4,936487 8027
5,633340 -4,576438 1966
5,095342 -5,109968 4079
7,049327 0,522397 7831
6,816899 0,963941 2744
5,316164 -4,442461 5071
7,965609 1,221571 2550
5,787088 -5,591922 9941
8,671244 0,210488 2932
6,080079 -4,885527 86
5,997818 -4,117717 3501
4,987645 -6,305670 2477
6,278105 -4,238594 3082
5,762483 -4,469709 3868
7,155142 1,903954 3500
8,007336 0,067984 7209
6,273537 -4,492294 103
7,067800 1,121758 5250
4,954232 -4,506730 4382
8,011756 0,803850 9494
8,047491 1,795399 516
5,753332 -5,654263 7038
8,359497 0,475094 7921
5,034442 -5,549683 4671
4,862854 -4,752942 4801
6,300741 -4,467066 145
5,251056 -4,631322 1164
7,996522 0,066048 6642
8,171507 0,145223 1149
8,437589 0,795204 6933
8,275658 0,484113 7128
5,377273 -5,001490 2951
5,271835 -4,050839 629
7,521407 0,548519 9431
7,865635 1,715565 4269
5,972058 -4,882369 6416
4,426434 -3,923816 1400
8,704973 0,963978 9833
5,743627 -5,170963 9828
4,445031 -5,407926 2471
5,846288 -4,779496 4350
7,889329 -0,624332 3604
8,054610 0,383885 8321
5,364535 -4,896087 6909
8,307535 1,091647 3477
8,245104 0,159622 1216
6,966624 -5,554035 2641
7,845505 -0,292292 1925
7,303461 -0,261010 8391
5,280487 -5,577242 7
5,021183 -5,732088 8766
6,039414 -5,444661 5134
5,107575 -5,729202 1114
8,995641 1,159989 4454
5,411627 -4,261361 7819
8,644875 1,251548 4154
8,722109 -0,276395 7433
7,982795 0,745577 3348
4,270149 -5,495348 3236
8,362836 1,502079 4921
5,947433 -4,915389 6076
8,509351 0,704843 7030
7,008324 -0,306676 5154
4,409495 -4,358639 9329
5,299660 -4,914419 1305
