6,209961 4,364322
5,649057 4,549985
2,465365 3,946319
5,971487 3,634720
3,156973 2,816046
7,696009 4,491157
1,790612 2,328407
2,020564 4,078731
6,209570 3,235946
6,938085 3,726083
5,989215 2,575665
1,946493 3,419206
7,011526 2,771891
2,079442 4,386305
0,726215 3,658286
5,680075 3,927041
1,658134 3,073331
1,946590 2,959645
2,339509 3,303786
6,383913 4,692768
7,443136 3,770893
1,947685 2,985787
2,815874 3,502125
6,181007 3,917184
7,159477 4,179715
1,419420 2,456696
6,513614 3,677243
1,079651 4,116093
7,341045 3,816264
1,663075 3,276721
6,697580 4,617437
0,410131 3,288604
7,081179 3,622113
2,085703 3,714470
1,919272 3,102090
1,651675 5,008955
1,754123 3,873552
6,842339 2,541122
2,241665 3,374526
1,425432 3,058367
0,340471 4,327609
1,117388 2,514502
0,662082 3,616272
7,344424 4,209413
7,269450 3,530083
1,007477 3,316397
1,079227 2,538690
1,583940 3,078417
6,356029 3,434110
1,439908 4,900594
7,434943 3,122068
5,644368 2,364890
1,543010 3,666788
2,135553 3,875263
6,618981 4,045404
1,629522 2,819952
5,713477 3,003800
6,958976 2,804426
6,063559 2,350355
2,695727 3,943820
2,022199 4,283078
6,274262 2,922280
1,571533 3,933988
5,751113 3,203984
2,062962 4,038706
6,249610 3,402262
6,764413 2,698078
1,529890 3,140922
2,905873 3,988625
5,290297 2,874314
6,495248 2,733297
1,661140 3,870294
6,741146 4,517204
1,427304 3,695906
1,052375 3,456667
5,872926 3,091154
1,776939 3,091311
2,033843 2,756191
1,628630 2,974413
5,772674 3,194933
6,384208 3,667904
1,564070 3,381678
5,816493 3,054530
1,846433 4,953945
1,421100 2,835809
7,634693 4,343224
6,832145 3,509961
2,440495 3,735752
6,369100 3,567866
5,525769 4,538656
1,722889 3,692958
0,716661 2,964367
2,253049 3,419727
1,240725 3,591377
