-3,615783 0,870505
-1,138183 -0,420710
-0,367850 -0,523364
-4,678942 0,472054
-3,455275 0,164296
-0,299452 -0,117918
-2,275649 0,909201
-0,542731 -0,317927
-2,991967 0,534267
-2,747304 0,973363
-3,773484 0,687076
-1,632269 -0,919713
-0,750120 0,044438
-1,909624 -0,798657
-3,519970 1,078624
-3,411643 0,607738
-2,281308 0,862995
-0,640836 -0,325895
-3,686934 0,961496
-1,936126 3,162846
-1,141365 -0,214459
-0,660728 -0,280439
-3,109301 0,489919
-0,430859 -0,518464
-0,606614 -0,612153
-0,156933 -0,290957
-3,869902 1,301779
-3,984597 0,306758
-2,916859 0,572571
-0,373081 -0,540657
-3,115773 0,478637
-0,575488 -0,010466
-1,423411 -0,237091
-2,579394 1,068024
-1,700532 -0,618263
-1,423411 -0,237091
0,291843 -0,044494
-1,331468 -0,521438
-0,526539 -0,111024
-3,979070 0,664925
-0,987584 -0,022272
-1,064938 0,151264
-1,480290 -0,330155
-3,933375 0,721318
-3,455745 0,786839
-4,168259 0,885762
0,777801 -1,971461
-0,643437 0,167753
-3,921422 0,630383
-2,281308 0,862995
-4,311552 0,118579
-0,669231 -0,728991
-2,231073 1,095735
-0,987584 -0,022272
-0,463726 -0,940238
-1,331468 -0,521438
-1,438664 -0,657914
-0,065823 -0,332496
-0,926224 -0,590757
0,671323 0,060013
-2,975990 0,753589
-0,988654 -0,325194
-0,291781 -0,259955
0,239903 0,356319
-1,095282 0,091198
-3,329979 1,228633
-0,012000 -0,049078
-0,096264 -0,266198
-3,811171 0,725119
-2,987092 0,777726
-0,944566 0,090248
-4,254014 0,617170
-3,160332 0,434244
-3,080173 0,602137
-0,201926 0,087032
-3,733101 0,417878
-3,811171 0,725119
-0,580690 -0,778151
-2,906059 0,208038
-0,522352 0,377499
-3,933375 0,721318
-0,299452 -0,117918
-3,455745 0,786839
-2,478141 0,677678
-1,450280 0,057727
-0,047538 -0,303164
0,652380 0,304434
0,193602 -0,212062
-0,029738 -0,264426
-2,095349 0,683888
-2,948672 1,315912
-1,205014 -0,289016
-3,921422 0,630383
-3,283087 0,958339
-3,757411 0,461461
-0,725836 -0,654174
-2,768353 0,703737
-0,306375 -0,034056
-0,662258 0,019598
-3,732199 0,549781
-3,761084 0,769444
-2,951266 0,875039
-0,782612 0,025945
-2,916859 0,572571
-1,991452 1,151614
-0,542731 -0,317927
-1,450280 0,057727
-0,626635 -0,234534
-4,087851 0,027435
-2,058107 -0,545157
-0,463726 -0,940238
-0,009075 -0,437446
-2,095349 0,683888
-1,072207 0,093091
-3,410074 0,643406
-3,452807 0,637325
-4,483498 0,302674
-3,595287 0,624230
-0,938022 -0,121890
-2,951266 0,875039
-0,740343 -0,270770
-0,979929 -1,003632
-3,869902 1,301779
-3,166709 0,293327
-2,526183 0,750974
-2,535693 0,586415
-3,716696 0,805678
0,777801 -1,971461
-4,260648 0,599746
-2,940314 0,634633
-3,406253 0,194777
-3,615334 0,388074
-3,053678 0,573995
-1,515039 -0,679388
-0,991694 -0,929273
-3,756074 0,689874
-2,987092 0,777726
-1,313481 -0,480855
-1,700532 -0,618263
-3,122447 0,207317
-3,757871 0,389037
-0,156933 -0,290957
-0,867749 -0,663146
-3,836258 0,096298
-3,438613 0,291346
-2,281308 0,862995
-0,434765 -0,202708
-3,771775 -0,165829
-3,683350 0,431573
-3,212406 1,115810
0,777801 -1,971461
-1,936126 3,162846
-3,579297 -2,599412