-0,367667 4,323735
0,308412 5,346593
3,563986 0,350024
-0,028123 4,654173
1,222974 3,838065
2,026685 0,457205
0,579341 3,562487
3,496943 0,140740
-0,233632 4,022878
0,318325 4,319630
1,781312 -0,303407
2,826302 0,129974
-0,383207 4,807024
0,189015 3,649725
-0,649077 4,067420
1,169722 0,178738
0,373380 3,779881
1,277403 3,932094
1,886925 0,517808
2,279843 1,133039
2,826370 -0,061964
1,988870 0,265814
2,871323 0,626912
-0,602563 4,138442
2,355774 0,831302
1,288513 4,180042
1,221319 0,331119
3,643835 -0,298735
1,494846 0,344656
-0,543451 5,901708
1,355653 1,211193
2,630621 0,430438
1,199551 3,630818
2,196189 0,647624
0,051549 4,300103
-0,825727 4,231725
1,110360 4,921858
-0,322341 3,404705
1,821919 0,725620
2,128489 0,290819
2,880752 -0,240290
2,075510 1,034856
1,977914 1,750327
3,640930 -0,204541
3,021801 1,033082
0,202739 -3,045344
2,407662 -0,360696
0,801943 4,711805
1,317817 3,480375
0,373380 3,779881
0,775825 5,110391
-0,120429 4,869214
1,993632 -0,761889
1,210424 0,708740
0,252605 4,942767
-2,883684 3,443258
0,190836 5,231323
-0,071785 4,748727
0,765839 5,639246
2,369098 0,709631
1,791553 -0,118040
1,493168 1,204555
3,042658 0,045246
-0,675270 3,676384
3,092741 0,754329
-0,473652 4,984028
1,577732 0,509059
0,848885 4,605364
3,291058 0,908399
1,251933 1,351018
2,200261 1,240352
0,755527 5,042494
3,559913 0,772386
3,021801 1,033082
-0,763102 5,198373
-0,073092 3,376260
2,261966 1,194336
0,899212 3,759712
-1,087617 3,752574
3,445821 -0,011381
2,902957 -0,555001
0,680462 3,863206
1,041955 5,047305
1,577732 0,509059
2,929546 -0,697682
-0,562789 3,977248
-0,565159 3,752443
1,777582 -0,115115
0,108190 4,087024
3,561068 1,206799
0,027966 5,723212
-0,473652 4,984028
0,770633 4,605312
2,143819 0,413328
-0,168704 5,087142
2,058902 1,955487
0,917477 3,907544
2,360473 1,974951
0,518415 4,417709
2,052570 0,765571
0,202739 -3,045344
0,064593 -3,197227
0,204106 -2,918258
0,359624 -3,023397
0,214053 -2,894712
0,348311 -2,942108
-0,005139 -2,770299
-0,087322 -3,027611
0,018721 -3,228703
0,318115 -3,145137
0,260584 -2,941241
-3,270115 3,467204
-3,238927 3,094829
-3,076831 3,399671
-3,231936 3,338383
-3,060930 3,170497
-3,014732 3,208101
-3,142730 3,136701
-2,883684 3,443258
-2,919904 3,436672
-3,341858 3,345242
-3,285554 3,211983
-1,489964 -2,412161
-1,436829 -2,082626
-1,241348 -2,096638
-1,589748 -2,134593
-1,175664 -2,091581
-1,424127 -2,193251
-1,508610 -2,336463
-1,428322 -2,230429
-1,465650 -2,127004
-1,550228 -2,017648
-1,670273 -2,110278
